648, chatgpt-web, https://github.com/869413421/chatgpt-web, "基于ChatGPT3.5 API实现的私有化web程序", "chatgpt,website", 2023-02-10 09:54:10 +0000 UTC
421, CVE-2023-21839, https://github.com/4ra1n/CVE-2023-21839, "Weblogic CVE-2023-21839 RCE (无需Java依赖一键RCE)", "cve-2023-21839,weblogic", 2023-02-13 03:42:27 +0000 UTC
310, GoWxDump, https://github.com/SpenserCai/GoWxDump, "SharpWxDump的Go语言版。微信客户端取证，获取信息(微信号、手机号、昵称)，微信聊天记录分析(Top N聊天的人、统计聊天最频繁的好友排行、关键词列表搜索等)", "", 2023-02-17 10:10:37 +0000 UTC
279, deprem-yardim-backend-go, https://github.com/acikkaynak/deprem-yardim-backend-go, "", "", 2023-02-07 22:15:22 +0000 UTC
227, lark, https://github.com/sevtin/lark, "Golang千万级IM服务端，支持集群和水平扩展，万人群消息秒达。", "chat,chatserver,go,gochat,goim,im,imserver,lark,talk,websocket", 2023-02-11 04:16:30 +0000 UTC
214, whisper, https://github.com/lukejoshuapark/whisper, "Wraps an io.ReadWriter in a secure tunnel using modern elliptic-curve cryptography.", "", 2023-02-13 10:33:35 +0000 UTC
206, firefly, https://github.com/Brum3ns/firefly, "Black box fuzzer for web applications", "black-box-testing,blackbox,bugbounty,fuzz,fuzzer,fuzzing,penetration-testing,pentesting,security-tools,web-security", 2023-02-10 13:56:11 +0000 UTC
204, feishu-chatGpt, https://github.com/Leizhenpeng/feishu-chatGpt, "Feishu ChatGpt 在飞书上与ChatGPT随时对话~", "chatgpt,feishu-bot,golang", 2023-02-07 10:18:28 +0000 UTC
195, bearclaw, https://github.com/donuts-are-good/bearclaw, "tiny static site generator w/ rss", "golang,rss,static-site,static-site-generator", 2023-02-11 07:07:21 +0000 UTC
183, openai-go, https://github.com/rakyll/openai-go, "Go client libraries for OpenAI", "", 2023-02-24 22:07:28 +0000 UTC
161, gitgpt, https://github.com/Hesse/gitgpt, "A natural language command line git assistant ", "", 2023-02-26 04:57:05 +0000 UTC
160, chatgpt-for-chatbot-feishu, https://github.com/go-zoox/chatgpt-for-chatbot-feishu, "快速将 ChatGPT 接入飞书，基于 OpenAI 官方接口，作为私人工作助理或者企业员工助理", "", 2023-02-17 01:19:53 +0000 UTC
116, APIKiller, https://github.com/Aur0ra-m/APIKiller, "API Security DAST & Oprations", "", 2023-02-14 09:05:57 +0000 UTC
107, gonb, https://github.com/janpfeifer/gonb, "GoNB, a Go Notebook Kernel for Jupyter", "", 2023-02-09 18:17:42 +0000 UTC
95, chatgpt-wecom, https://github.com/fanchunke/chatgpt-wecom, "企业微信接入 GPT3", "chatgpt,gpt3,wecom", 2023-02-13 08:07:03 +0000 UTC
92, goption, https://github.com/jordan-bonecutter/goption, "Optional values for Go", "go,golang,option,optional,options", 2023-02-03 06:37:40 +0000 UTC
88, lockfree, https://github.com/bruceshao/lockfree, "lockfree queue", "", 2023-02-03 09:52:45 +0000 UTC
87, cpc, https://github.com/tailscale/cpc, "a copy tool", "", 2023-02-16 02:36:55 +0000 UTC
85, ZeusCloud, https://github.com/Zeus-Labs/ZeusCloud, "Open-source cloud security", "aws,blueteam,bugbounty,ciem,cis,cloud,cloudsecurity,cnapp,cspm,cwpp,cybersecurity,devsecops,infosec,pentesting,security,security-tools", 2023-02-09 18:43:35 +0000 UTC
80, starship, https://github.com/tricorder-observability/starship, "Starship: next-generation Observability platform built with eBPF+WASM", "ebpf,observability,opentelemetry,prometheus,wasm,webassembly", 2023-02-16 14:38:53 +0000 UTC
79, popple, https://github.com/hoorayman/popple, "Popple is a distributed, highly available, general purpose key/value database.", "", 2023-02-24 00:31:51 +0000 UTC
78, trip, https://github.com/philippta/trip, "Elegant middleware functions for your HTTP clients.", "", 2023-02-11 23:49:43 +0000 UTC
71, gruyere, https://github.com/savannahostrowski/gruyere, "A tiny (and pretty) program for viewing + killing listening ports", "bubbles,bubbletea,charmbracelet,go,golang,lipgloss,tui", 2023-02-20 04:23:39 +0000 UTC
64, flydav, https://github.com/pluveto/flydav, "Setup a tiny webdav server in 30 seconds. Multi-user, path prefix etc. 轻量高效的 WebDav 服务器。", "filesystem,go,http,webdav", 2023-02-04 01:55:12 +0000 UTC
63, SmallProxyPool, https://github.com/Ggasdfg321/SmallProxyPool, "一个免费高质量的小代理池，解决一些站点有WAF的情况下，进行目录扫描或者字典爆破", "", 2023-02-21 08:31:43 +0000 UTC
62, hypersdk, https://github.com/ava-labs/hypersdk, "Opinionated Framework for Building Hyper-Scalable Blockchains on Avalanche", "avalanche,blockchain,golang", 2023-02-20 01:20:43 +0000 UTC
62, ReverseSocks5, https://github.com/Acebond/ReverseSocks5, "Single executable reverse socks5 proxy written in Golang.", "", 2023-02-05 00:24:18 +0000 UTC
56, HLSE-Hogwarts-Legacy-Save-Editor, https://github.com/Sorrow446/HLSE-Hogwarts-Legacy-Save-Editor, "Save editor for Hogwarts Legacy written in Go.", "", 2023-02-10 02:35:07 +0000 UTC
56, XTool, https://github.com/LordPenguin666/XTool, "使用 go 编写的 Xray 一键安装脚本, 支持 xtls-rprx-vision", "", 2023-02-13 15:33:29 +0000 UTC
50, chatgpt, https://github.com/j178/chatgpt, "Cli for ChatGPT", "", 2023-03-02 10:44:18 +0000 UTC
50, timoni, https://github.com/stefanprodan/timoni, "Timoni is a package manager for Kubernetes, powered by CUE and inspired by Helm.", "cuelang,kubernetes", 2023-02-11 13:18:25 +0000 UTC
44, leo, https://github.com/zan8in/leo, "Leo is a network logon cracker which support many different services.", "", 2023-02-13 05:55:53 +0000 UTC
44, onelist, https://github.com/msterzhang/onelist, "一个类似emby的专注于刮削alist聚合网盘形成影视媒体库的程序。", "", 2023-02-27 10:52:41 +0000 UTC
43, toktik, https://github.com/Toktik-Team/toktik, "ChatGPT integrated short video microservice application built with Kitex and Hertz. 第五届字节跳动青训营后端大作业项目", "backend,bytedance,clone,cloudwego,consul,go,golang,hertz,kitex,microservice,short-video,tik,tiktok,tiktok-clone,tok,video", 2023-02-04 17:36:20 +0000 UTC
42, gossip-glomers, https://github.com/teivah/gossip-glomers, "My solutions to the Glomers Challenge: a series of distributed systems challenges.", "", 2023-02-25 09:52:52 +0000 UTC
41, review-gpt, https://github.com/vibovenkat123/review-gpt, "", "", 2023-02-14 01:36:02 +0000 UTC
41, chatgpt, https://github.com/verdverm/chatgpt, "ChatGPT CLI, interactive or file based sessions with context and moods.", "chatgpt,cli,file-based,interactive,sessions", 2023-02-13 01:16:14 +0000 UTC
41, NotionAI-go, https://github.com/jyz0309/NotionAI-go, "Unofficial NotionAI Go SDK", "golang,gpt-3,gpt3,notion,notion-api,notionai", 2023-02-26 10:10:56 +0000 UTC
37, openai, https://github.com/andrewstuart/openai, "", "", 2023-03-02 05:30:09 +0000 UTC
36, helloword, https://github.com/wuqinqiang/helloword, "Make learning English words more enjoyable, and make the world full of love 😊", "", 2023-02-06 13:35:21 +0000 UTC
34, raft-badger, https://github.com/rfyiamcool/raft-badger, "🌈  raft-badger implements LogStore and StableStore Interface of hashicorp/raft. 🔥", "badger,golang,hashcorp-raft,kvstore,raft,raft-badger", 2023-02-10 09:49:44 +0000 UTC
33, chatgpt-service, https://github.com/cookeem/chatgpt-service, "基于 chatGPT 3.5-turbo API（更快更省）和 websocket 的实时机器人聊天应用，这是后端服务", "chatgpt,golang,gpt3-turbo,realtime,websocket", 2023-02-10 05:05:04 +0000 UTC
32, yataf, https://github.com/Damian89/yataf, "yataf extracts secrets and paths from files or urls - its best used against javascript files", "bugbounty-tools,pentesting", 2023-02-08 09:37:20 +0000 UTC
32, algia, https://github.com/mattn/algia, "A cli application for nostr", "nostr", 2023-02-15 00:25:51 +0000 UTC
32, gorule, https://github.com/SpikeWong/gorule, "Simple rule engine based on goyacc", "", 2023-02-08 14:33:47 +0000 UTC
31, zgo, https://github.com/hexops/zgo, "Go + Zig = 💕 | Zig and Go are best friends", "", 2023-02-14 15:55:56 +0000 UTC
30, okta_scim_attack_tool, https://github.com/authomize/okta_scim_attack_tool, "", "", 2023-02-21 09:32:26 +0000 UTC
29, chatgpt-wechat, https://github.com/whyiyhw/chatgpt-wechat, "通过企业微信实现 微信中与 chatgpt 对话", "gpt-3,wechat,wecom", 2023-02-11 19:39:39 +0000 UTC
29, tfsort, https://github.com/AlexNabokikh/tfsort, "A CLI utility to sort Terraform variables and outputs", "cli,go,golang,terraform", 2023-02-17 14:48:17 +0000 UTC
29, afet-yardim-twitter-bot, https://github.com/acikkaynak/afet-yardim-twitter-bot, "Web service that can retweet by user authorization with Twitter Oauth v1.", "go,go-twitter,golang,twitter,twitter-oauth", 2023-02-06 16:16:02 +0000 UTC
27, 123movies, https://github.com/123movies-project/123movies, "A multi-platform ( Windows / Mac / Linux ) streaming platform ", "", 2023-02-14 05:20:38 +0000 UTC
27, uRouter, https://github.com/lxzan/uRouter, "HTTP & WebSocket router library for golang", "fasthttp-router,go-websocket-router,gorilla-router,quic-router,websocket-router,ws-router", 2023-02-04 02:23:46 +0000 UTC
27, nxt_unit, https://github.com/bytedance/nxt_unit, "NxtUnit is an automatically unit test generation application for Go.", "codegenerator,go,unittest", 2023-03-01 09:53:17 +0000 UTC
27, gormx, https://github.com/go-gorm/gormx, "The GORM ToolBox (WIP)", "", 2023-02-03 08:00:06 +0000 UTC
25, TongdaScan_go, https://github.com/Fu5r0dah/TongdaScan_go, "通达OA漏洞检测工具-Golang", "", 2023-02-14 09:39:33 +0000 UTC
24, namazu, https://github.com/matsuu/namazu, "緊急地震速報（予報）を受け取ってSNSに投げるプログラム一式", "earthquake,eew,forecasting,mastodon,nostr", 2023-02-18 05:16:35 +0000 UTC
24, loadbalancer-algorithms, https://github.com/appleboy/loadbalancer-algorithms, "Load balancer Algorithms", "", 2023-02-17 00:38:50 +0000 UTC
24, afet-yardim-telegram-bot, https://github.com/acikkaynak/afet-yardim-telegram-bot, "", "", 2023-02-07 10:44:37 +0000 UTC
24, ffufsee, https://github.com/fyoorer/ffufsee, "Ffuf output browser", "", 2023-02-24 20:18:54 +0000 UTC
23, LazyDog, https://github.com/L10nK1n6/LazyDog, "LazyDog是一款通过网络空间测绘引擎读取资产并进行指纹识别的工具", "", 2023-03-02 05:14:03 +0000 UTC
22, kmactor, https://github.com/whiler/kmactor, "kmactor, an actor for keyboard and mouse commands.", "", 2023-02-10 10:50:25 +0000 UTC
21, daedalus, https://github.com/smsunarto/daedalus, "Deadalus is a  modular toolkit for zkSNARKs development and deployment written in Go using Gnark.", "gnark,zero-knowledge", 2023-02-25 20:26:01 +0000 UTC
21, shopify-app-template-go, https://github.com/softcery/shopify-app-template-go, "A robust Shopify App template in Go that includes everything you need to get a new app up and running", "shopify,shopify-app,shopify-apps,template", 2023-02-08 08:37:46 +0000 UTC
21, gire, https://github.com/sibwaf/gire, "Self-hosted read-only Git mirroring", "git-mirror,self-hosted", 2023-02-08 20:22:11 +0000 UTC
21, pokemonscan-pokeball, https://github.com/taropowder/pokemonscan-pokeball, "A Distributed Scan Scheduling Center", "", 2023-02-16 15:03:07 +0000 UTC
20, sonnet, https://github.com/sugawarayuuta/sonnet, "High performance JSON decoder in Go", "decoder,go,golang,high-performance,json,parser", 2023-02-11 09:54:28 +0000 UTC
19, HLAT-Hogwarts-Legacy-Appearance-Tool, https://github.com/Sorrow446/HLAT-Hogwarts-Legacy-Appearance-Tool, "Tool for appearance manipulation for Hogwarts Legacy written in Go.", "", 2023-02-11 17:59:09 +0000 UTC
19, ecies, https://github.com/hotstar/ecies, "The Hotstar's Go implementation of  ECIES in Shoup's version", "", 2023-02-16 07:04:07 +0000 UTC
19, go-api-boilerplate, https://github.com/tunardev/go-api-boilerplate, "Go REST API starter kit built with Clean Architecture 🌎", "backend-api,clean-architecture,clean-code,fiber,go-architecture,go-mongodb,golang", 2023-02-19 15:51:42 +0000 UTC
19, supermicro-product-key, https://github.com/zsrv/supermicro-product-key, "Supermicro product key utility", "", 2023-02-12 00:08:28 +0000 UTC
19, gecho, https://github.com/Nodstuff/gecho, "", "", 2023-02-21 09:41:46 +0000 UTC
19, op-mordor, https://github.com/protolambda/op-mordor, "Highly experimental fault-proof program for Optimism Bedrock", "", 2023-02-08 22:15:35 +0000 UTC
18, go-iomux, https://github.com/Netflix/go-iomux, "Unix domain network multiplexing for Go", "", 2023-02-03 03:51:53 +0000 UTC
18, fastdb, https://github.com/marcelloh/fastdb, "FastDB is an (persistent) in-memory key/value store in Go.", "", 2023-02-22 07:11:41 +0000 UTC
18, quick, https://github.com/gojeffotoni/quick, "É um gerenciador de rotas 100% usando net/http está nascendo e está em desenvolvimento, é para ser rápido e com alto desempenho.", "api-rest,go,go-router,golang,golang-router,hacktoberfest,hacktoberfest2023,quick", 2023-02-20 21:42:56 +0000 UTC
18, arche, https://github.com/mlange-42/arche, "Arche is an archetype-based Entity Component System for Go.", "ecs,entity-component-system,golang", 2023-02-04 20:52:13 +0000 UTC
18, probe, https://github.com/abhimanyu003/probe, "Simplified Integration Testing Using YAML and JQ", "api-testing,assertions,cli,contract-testing,developer-tools,devutils,e2e-testing,end-to-end-testing,go,golang,http,integration-testing,rest-api-test,test-automation,test-framework,testing,testing-tools", 2023-02-17 15:08:18 +0000 UTC
18, kronos, https://github.com/ostafen/kronos, "Trigger periodic schedule notifications via webhooks", "cron-job-schedule,cron-jobs,cronexpression,email-alert-notifications,golang,http,job-scheduler,periodic-jobs,prometheus-alerts,prometheus-metrics,rest-api,scheduling,webhooks", 2023-02-12 10:00:48 +0000 UTC
18, lebena-api, https://github.com/Golang-Tanzania/lebena-api, "API for Tanzania NBC Premium League", "api,lebena,sports", 2023-02-08 06:59:39 +0000 UTC
17, neoq, https://github.com/acaloiaro/neoq, "Background job processing for Go", "distributed-systems,golang,postgres", 2023-02-06 20:35:38 +0000 UTC
17, btc-relayer, https://github.com/coredao-org/btc-relayer, "", "", 2023-02-19 13:19:00 +0000 UTC
17, aws-whoami-golang, https://github.com/benkehoe/aws-whoami-golang, "A tool to show what AWS account and identity you're using.", "", 2023-02-21 00:54:41 +0000 UTC
17, SydneyAuth, https://github.com/acheong08/SydneyAuth, "", "", 2023-02-10 18:13:53 +0000 UTC
16, golang-trick, https://github.com/Leizhenpeng/golang-trick, "书里没有的golang小技巧", "", 2023-02-08 09:04:39 +0000 UTC
16, GLPIAnarchy, https://github.com/Feals-404/GLPIAnarchy, "You should think about upgrading your GLPI now", "", 2023-02-05 00:14:26 +0000 UTC
16, maki, https://github.com/lorenzophys/maki, "Run Makefiles in interactive mode", "", 2023-02-11 14:23:55 +0000 UTC
16, speedtest, https://github.com/ganeshdipdumbare/speedtest, "speedtest is a simple command line tool to test the internet speed. ", "command-line-tool,internet,speedtest", 2023-02-03 14:30:10 +0000 UTC
16, go-rest-boilerplate, https://github.com/snykk/go-rest-boilerplate, "A great starting point for building RESTful APIs in Go using Gin framework, and sqlx for connecting to a PostgreSQL database. The implementation follows Clean Architecture principles as described by Uncle Bob.", "boilerplate,boilerplate-template,clean-architecture,clean-code,gin,go-boilerplate,go-rest-boilerplate,golang,golang-api-examples,golang-boilerplate,golang-template,rest,rest-api,restful-api,template", 2023-02-04 11:49:16 +0000 UTC
16, indocker-app, https://github.com/tarampampam/indocker-app, "💥 Domain names with valid SSL for your local docker containers", "developer-tools,development,docker,domains,local,resolver,ssl,traefik", 2023-02-03 06:48:09 +0000 UTC
16, quokka, https://github.com/quokkamail/quokka, "Modern Mail Server", "", 2023-02-14 13:32:07 +0000 UTC
16, myaot, https://github.com/AkihiroSuda/myaot, "An experimental AOT-ish compiler (Linux/riscv32 ELF → Linux/x86_64 ELF, Mach-O, WASM, ...)", "", 2023-02-20 09:40:28 +0000 UTC
16, ParamAngler, https://github.com/spyx/ParamAngler, "", "", 2023-02-25 20:59:24 +0000 UTC
15, gvc, https://github.com/moqsien/gvc, "GVC is a productive tool to manage your dev environment for multi platforms and machines. | GVC 是一个用于快速配置和管理多机器跨平台的开发环境的生产力工具。", "env,environment,environment-variables,github,go,golang,hosts,hostsfile,management,neovim,version,vscode", 2023-02-13 13:39:12 +0000 UTC
15, gin-air-docker-boilerplate, https://github.com/tobyscott25/gin-air-docker-boilerplate, "A containerised Gin app boilerplate, with a containerised development environment using Air and Docker Compose.", "", 2023-02-21 08:53:10 +0000 UTC
15, cloudreve-epay, https://github.com/topjohncian/cloudreve-epay, "Cloudreve Pro 易支付 支持 (点个 Star 不迷路~)", "cloudreve,epay,payment", 2023-02-16 14:42:44 +0000 UTC
15, community-images, https://github.com/kubernetes-sigs/community-images, "kubectl plugin that displays images running in a Kubernetes cluster that were pulled from community owned repositories and warn the user to switch repositories if needed", "k8s-sig-infra", 2023-02-22 18:12:49 +0000 UTC
15, gitbook-summary, https://github.com/dengjiawen8955/gitbook-summary, "A Gitbook Summary Generator implemented by Golang", "dosify,gitbook,gitbook-summary", 2023-02-10 04:48:22 +0000 UTC
15, icloudgo, https://github.com/chyroc/icloudgo, "Access Apple iCloud via go, go port of pyicloud", "icloud,icloud-photos,icloudpb", 2023-02-15 05:02:55 +0000 UTC
15, extip, https://github.com/hrbrmstr/extip, "℁ Retrieve your external IP address via DNS", "dns,external-ip,go,golang,my-ip", 2023-02-26 11:42:35 +0000 UTC
15, archer, https://github.com/taythebot/archer, "Distributed network and vulnerability scanner", "bug-bounty,hacking,httpx,infosec,masscan,nuclei,scanner,security-tools,vulnerability", 2023-02-17 02:48:23 +0000 UTC
